89 552 312 857 914 261 792 688 372 541 747 162 902 896 393 731 580 852 618 107 137 431 713 585 752 270 697 231 976 627 704 479 937 307 625 37 740 968 215 647 384 648 329 460 797 316 987 894 943 281 881 
701 110 744 119 711 176 413 781 581 942 251 358 465 783 595 54 495 558 739 892 982 12 392 239 654 913 279 219 785 560 514 189 519 808 780 287 216 414 165 95 400 236 895 707 331 534 100 858 78 356 
6 412 428 284 411 182 818 46 451 3 775 848 29 626 574 802 410 549 180 877 609 507 222 210 424 923 370 567 633 640 395 104 491 600 496 967 624 230 447 746 809 257 63 128 551 398 910 70 206 286 
765 376 557 266 612 211 397 936 276 152 985 553 373 340 72 724 518 867 810 33 979 357 436 608 964 601 303 8 85 652 242 367 295 801 178 423 940 754 292 571 816 991 756 439 603 587 487 48 341 490 
83 623 238 537 21 803 434 56 830 674 213 102 629 630 136 997 120 826 458 504 829 632 793 77 613 844 36 589 649 836 659 250 828 661 207 983 52 607 530 142 126 851 955 427 900 757 475 929 223 45 
548 461 153 4 198 131 325 904 602 252 115 65 241 890 41 878 751 948 899 259 387 834 953 10 681 664 378 743 170 84 68 911 247 594 562 859 509 293 339 838 429 841 884 224 469 515 149 151 214 977 
311 696 172 686 535 324 993 732 691 547 315 406 407 218 135 702 208 658 677 96 855 565 202 240 814 729 727 478 326 174 382 807 678 470 159 463 502 526 536 253 32 277 290 433 620 543 655 920 598 631 
730 280 42 443 981 511 31 225 835 742 933 15 69 71 64 635 663 269 642 27 248 832 616 264 958 506 146 446 232 129 291 675 889 338 789 986 60 168 417 20 201 815 148 74 512 950 362 7 682 87 
709 99 961 368 405 404 112 92 132 822 391 353 868 726 323 599 383 154 527 665 860 435 109 684 935 161 579 243 314 694 653 604 716 833 442 374 586 480 117 18 588 437 402 464 289 749 708 88 500 621 
760 472 150 771 75 718 51 719 922 123 687 363 144 155 320 390 897 212 494 698 271 361 481 805 503 360 813 692 113 2 474 141 799 422 298 770 282 140 420 116 462 636 444 488 671 575 28 457 350 689 
364 959 278 667 956 455 342 111 197 124 915 869 784 483 194 508 791 893 745 245 221 473 559 823 741 171 888 26 403 693 516 522 265 703 466 401 440 903 352 761 980 349 728 639 258 318 260 870 856 720 
234 766 346 306 925 736 482 773 786 408 130 489 787 572 544 528 1 735 542 583 25 158 862 388 628 861 566 592 191 795 927 203 930 190 98 369 974 998 882 788 55 779 510 322 93 916 285 944 946 59 
924 275 748 419 886 582 343 173 226 796 145 394 954 76 777 531 498 715 134 554 680 672 772 38 874 776 125 450 710 308 127 328 156 235 723 43 426 164 722 988 80 963 50 82 452 163 16 853 611 610 
758 932 22 831 274 960 556 175 532 819 73 53 254 767 449 909 185 573 347 866 505 714 945 283 525 184 593 299 847 106 520 885 634 409 337 14 467 774 344 499 908 622 683 418 445 864 873 97 646 11 
229 186 660 670 81 990 734 256 699 561 906 288 13 880 157 798 114 220 764 817 578 255 673 304 794 957 840 456 917 497 139 846 39 919 416 501 619 517 321 332 348 267 839 62 790 725 330 941 227 17 
425 871 108 854 454 167 199 453 641 40 459 989 540 484 246 928 584 377 101 690 650 753 676 769 759 301 666 58 493 812 103 679 471 824 379 712 86 875 891 35 309 181 147 907 992 590 845 576 294 310 
912 90 668 606 570 359 545 821 105 430 365 334 9 121 317 939 563 486 931 485 762 492 638 863 755 524 300 972 539 187 66 205 57 883 1000 637 737 335 994 804 555 49 79 23 971 5 355 550 842 476 
733 415 782 837 44 160 177 901 327 778 569 133 319 169 263 233 951 820 380 938 876 354 217 381 209 237 313 645 305 662 94 118 477 849 597 122 19 999 61 975 738 669 468 934 195 438 432 763 879 91 
421 750 947 389 705 564 898 333 643 351 768 577 262 529 651 700 800 921 949 244 47 644 614 345 523 973 336 297 926 996 969 918 546 192 34 296 166 591 872 268 273 179 538 811 513 399 366 605 843 386 
448 657 533 441 966 596 984 67 188 827 887 965 952 905 962 228 685 375 521 617 371 396 695 865 249 806 568 978 721 272 302 196 850 717 615 385 30 200 183 995 143 138 706 24 193 656 204 970 825 